Y=ones(10);
h=bar3((0:9)+.5,Y,1);
set(h,'facecolor','w','linestyle',':')
for n=1:9
p=copyobj(h,gca);
for m=p'
set(m,'zdata',get(m,'zdata')+n);
end
end
grid off
axis equal 
xlabel("x轴")
ylabel("z轴")
zlabel("y轴")


x=1:1:51
y1=[125,125,125,125,125,125,125,125,125,125,125,125,125,125,125,125,125,125,125,125,125,125,
125,125,125,125,125,125,125,125,125,125,125,125,125,125,125,125,125,125,125,125,125,125,125,
125,125,125,125,125,125]
y2=[125,115,109,107,105,100,99,97,94,92,91,90,88,87,85,85,84,84,84,83,82,81,79,79,79,79,79,
79,79,79,79,79,79,79,79,79,79,79,79,79,79,79,79,79,79,79,79,79,79,79,79]
y3=[125,115,106,104,101,99,93,90,88,88,84,83,81,80,79,77,77,76,76,76,75,74,73,73,73,72,70,69,
69,69,69,69,68,68,67,67,67,67,67,66,66,66,65,65,65,65,64,64,64,64,64]
plot(x, y1)
hold on
plot(x, y2)
hold on
plot(x, y3)
xlabel("求解次数/次")
ylabel("传感器节点数量/个")
legend('100%','90%', '80%')