
-46.453   -83.453   -38.453

 -20.453   -92.453   -16.359
 
-48.453   -89.453   7.73503

-34.453   -105.453   42.829

-32.453   -61.359   -24.453

-54.453   -56.359   -9.35898

-21.453   -46.359   19.735

-23.453   -78.359   23.829

-50.453   -45.265   -35.453

-29.453   -29.265   -5.35898

-38.453   -57.265   3.73503

-52.453   -54.265   44.829

-35.453   -19.171   -45.453

-50.453   -30.171   -16.359

-19.453   -5.17097   -8.26497

-24.453   -37.171   42.829

-11.359   -105.453   -23.453

-15.359   -70.453   -32.359

-3.35898   -98.453   7.73503

-19.359   -69.453   26.829

-25.359   -62.359   -34.453

-11.359   -53.359   -4.35898

-15.359   -65.359   0.735027

-0.358984   -59.359   30.829

-16.359   -36.265   -40.453

-11.359   -38.265   -12.359

-17.359   -53.265   12.735

-21.359   -34.265   37.829

-15.359   -15.171   -21.453

2.64102   -0.170965   3.64102

-16.359   -26.171   14.735

-32.359   -2.17097   30.829

21.735   -88.453   -19.453

-2.26497   -88.453   -6.35898

16.735   -70.453   7.73503

-0.264973   -85.453   14.829

21.735   -80.359   -42.453

7.73503   -64.359   -27.359

-0.264973   -80.359   18.735

0.735027   -81.359   44.829

0.735027   -37.265   -50.453

26.735   -34.265   -26.359

6.73503   -40.265   16.735

8.73503   -27.265   23.829

2.73503   -14.171   -43.453

20.735   -3.17097   -33.359

-10.265   -5.17097   -1.26497

4.73503   -24.171   41.829

34.829   -79.453   -22.453

30.829   -106.453   -30.359

24.829   -94.453   20.735

31.829   -91.453   31.829

39.829   -50.359   -51.453

32.829   -65.359   -32.359

48.829   -51.359   18.735

24.829   -53.359   38.829

26.829   -29.265   -36.453

39.829   -48.265   -33.359

30.829   -25.265   17.735

31.829   -42.265   46.829

39.829   -5.17097   -47.453

32.829   -23.171   -5.35898

17.829   -30.171   12.735

24.829   -8.17097   20.829
