当前所需节点数量为: 115
缺失节点数为79093
各点坐标如下:
-40.453   -99.453   -26.453
-39.453   -106.453   -0.358984
-39.453   -88.453   19.735
-22.453   -73.453   35.829
-32.453   -88.453   60.923
-25.453   -63.359   -29.453
-55.453   -72.359   -0.358984
-50.453   -65.359   15.735
-30.453   -69.359   41.829
-49.453   -65.359   53.923
-34.453   -61.265   -30.453
-40.453   -40.265   -2.35898
-44.453   -60.265   4.73503
-49.453   -25.265   26.829
-21.453   -39.265   68.923
-33.453   -19.171   -40.453
-40.453   -17.171   -6.35898
-44.453   -9.17097   1.73503
-53.453   -17.171   38.829
-22.453   -8.17097   45.923
-38.453   3.92305   -46.453
-53.453   -1.07695   26.735
-34.453   6.92305   11.829
-57.453   3.92305   60.923
-0.358984   -98.453   -50.453
-18.359   -82.453   -5.35898
-24.359   -107.453   11.735
-11.359   -103.453   17.829
-18.359   -102.453   35.923
-4.35898   -60.359   -37.453
-31.359   -49.359   -13.359
-33.359   -79.359   23.735
-34.359   -56.359   32.829
-30.359   -52.359   37.923
-4.35898   -33.265   -45.453
3.64102   -52.265   -32.359
-2.35898   -42.265   -9.26497
-17.359   -54.265   22.829
-7.35898   -39.265   50.923
-2.35898   -23.171   -52.453
-16.359   -17.171   -32.359
-34.359   -16.171   -0.264973
-34.359   -12.171   11.829
-12.359   -8.17097   67.923
-6.35898   6.92305   -32.453
-32.359   9.92305   0.641016
-29.359   3.92305   4.73503
-23.359   -13.077   33.829
-12.359   16.923   44.923
-8.26497   -81.453   -29.453
-2.26497   -102.453   -19.359
3.73503   -98.453   -9.26497
13.735   -98.453   40.829
17.735   -72.453   58.923
15.735   -59.359   -44.453
6.73503   -53.359   -31.359
3.73503   -84.359   11.735
21.735   -68.359   39.829
8.73503   -82.359   56.923
23.735   -55.265   -43.453
16.735   -43.265   -12.359
-6.26497   -25.265   19.735
-3.26497   -38.265   17.829
-9.26497   -43.265   36.923
19.735   -28.171   -26.453
-6.26497   -10.171   -8.35898
-3.26497   -34.171   15.735
23.735   -36.171   15.829
13.735   -15.171   41.923
1.73503   7.92305   -40.453
18.735   -1.07695   0.641016
2.73503   3.92305   20.735
-1.26497   15.923   31.829
4.73503   17.923   37.923
32.829   -82.453   -43.453
29.829   -73.453   -31.359
17.829   -100.453   -0.264973
48.829   -103.453   25.829
17.829   -75.453   36.923
28.829   -74.359   -27.453
45.829   -83.359   -29.359
44.829   -65.359   16.735
42.829   -55.359   35.829
28.829   -74.359   53.923
30.829   -29.265   -47.453
45.829   -46.265   -24.359
13.829   -41.265   5.73503
25.829   -39.265   35.829
42.829   -32.265   53.923
48.829   -30.171   -25.453
39.829   -32.171   -0.358984
49.829   -37.171   2.73503
42.829   -2.17097   19.829
28.829   -24.171   53.923
35.829   -15.077   0.735027
18.829   2.92305   49.829
42.829   -2.07695   62.923
50.923   -92.453   -21.453
43.923   -98.453   -26.359
42.923   -99.453   -2.26497
60.923   -107.453   21.829
68.923   -87.453   58.923
48.923   -63.359   -33.453
63.923   -47.359   -8.35898
54.923   -62.359   14.735
63.923   -58.265   -55.453
64.923   -45.265   -23.359
43.923   -49.265   37.829
53.923   -49.265   42.923
43.923   -9.17097   -28.453
58.923   -32.171   4.73503
50.923   -31.171   21.829
48.923   13.923   -14.359
59.923   12.923   -0.264973
43.923   -13.077   37.829



当前所需节点数量为: 109
缺失节点数为88083
各点坐标如下:
-46.453   -79.453   -25.453
-46.453   -90.453   -11.359
-56.453   -98.453   16.735
-30.453   -76.453   22.829
-25.453   -91.453   35.923
-45.453   -64.359   -50.453
-38.453   -62.359   -15.359
-57.453   -65.359   -1.26497
-54.453   -65.359   46.829
-32.453   -46.359   36.923
-39.453   -47.265   -26.453
-42.453   -33.265   -21.359
-57.453   -31.265   10.735
-25.453   -42.265   30.829
-53.453   -45.265   34.923
-48.453   -10.171   -37.453
-40.453   -29.171   -26.359
-56.453   -28.171   18.735
-45.453   -21.171   23.829
-46.453   -35.171   48.923
-43.453   8.92305   -29.453
-47.453   -14.077   7.73503
-31.453   -11.077   25.829
-1.35898   -98.453   -44.453
-1.35898   -88.453   -31.359
-15.359   -107.453   3.73503
-7.35898   -106.453   35.829
-11.359   -90.453   36.923
0.641016   -56.359   -47.453
-20.359   -77.359   -0.358984
-27.359   -64.359   24.735
-8.35898   -75.359   16.829
-30.359   -61.359   41.923
-32.359   -42.265   -41.453
-18.359   -48.265   0.641016
-13.359   -28.265   23.735
2.64102   -36.265   12.829
-8.35898   -51.265   52.923
-5.35898   -28.171   -46.453
-31.359   -14.171   -13.359
3.64102   -2.17097   -8.26497
-34.359   -15.171   27.829
-29.359   -7.17097   34.923
-18.359   17.923   -35.453
-2.35898   -1.07695   1.64102
-2.35898   -15.077   22.735
2.64102   13.923   69.923
8.73503   -85.453   -50.453
19.735   -81.453   0.641016
3.73503   -81.453   20.735
9.73503   -77.453   31.829
-9.26497   -107.453   48.923
-8.26497   -67.359   -45.453
14.735   -70.359   -8.35898
14.735   -77.359   15.735
10.735   -80.359   40.829
-3.26497   -78.359   57.923
-7.26497   -34.265   -49.453
3.73503   -42.265   0.641016
0.735027   -23.265   14.735
-2.26497   -37.265   29.829
21.735   -34.265   52.923
-3.26497   -4.17097   -22.453
11.735   -14.171   -21.359
3.73503   -25.171   11.735
-5.26497   -38.171   38.829
24.735   -30.171   68.923
12.735   -2.07695   -35.453
21.735   12.923   -27.359
17.735   -10.077   -0.264973
7.73503   -1.07695   46.829
26.735   -7.07695   57.923
31.829   -88.453   -35.453
31.829   -103.453   -25.359
44.829   -85.453   10.735
30.829   -78.453   37.829
22.829   -77.453   69.923
21.829   -67.359   -48.453
44.829   -73.359   -32.359
16.829   -79.359   -3.26497
27.829   -59.359   35.829
12.829   -51.265   -38.453
35.829   -27.265   -7.35898
48.829   -32.265   -0.264973
31.829   -48.265   13.829
22.829   -38.265   66.923
18.829   -4.17097   -46.453
31.829   -6.17097   -9.35898
34.829   -36.171   18.735
45.829   -19.171   32.829
35.829   -3.17097   45.923
14.829   9.92305   31.829
42.829   7.92305   49.923
38.923   -98.453   -26.453
40.923   -87.453   -17.359
37.923   -79.453   4.73503
48.923   -93.453   24.829
35.923   -70.453   50.923
69.923   -47.359   -23.453
55.923   -62.359   -4.35898
66.923   -79.359   20.735
55.923   -49.265   -38.453
41.923   -56.265   -26.359
59.923   -49.265   29.829
49.923   -37.171   -4.26497
62.923   -33.171   20.829
39.923   -10.077   -26.359
34.923   11.923   21.735
69.923   7.92305   15.829



当前所需节点数量为: 107
缺失节点数为97410
各点坐标如下:
-29.453   -100.453   -40.453
-44.453   -89.453   -9.35898
-37.453   -102.453   -9.26497
-54.453   -81.453   35.829
-54.453   -81.453   45.923
-19.453   -81.359   -41.453
-47.453   -50.359   -10.359
-34.453   -80.359   18.735
-23.453   -75.359   30.829
-28.453   -79.359   38.923
-24.453   -24.265   -42.453
-42.453   -50.265   1.64102
-56.453   -26.265   -5.26497
-53.453   -23.265   43.829
-25.453   -55.265   53.923
-53.453   -28.171   -31.453
-34.453   -19.171   -9.35898
-47.453   -33.171   18.735
-56.453   -38.171   11.829
-34.453   -5.17097   43.923
-30.453   12.923   -50.453
-50.453   -10.077   9.73503
-52.453   -5.07695   30.829
-23.359   -89.453   -39.453
-29.359   -96.453   -6.35898
-5.35898   -88.453   26.735
-14.359   -103.453   30.829
-23.359   -89.453   62.923
-31.359   -65.359   -25.453
-27.359   -80.359   -8.35898
-17.359   -49.359   8.73503
-10.359   -81.359   40.829
-23.359   -76.359   34.923
-5.35898   -38.265   -35.453
-21.359   -29.265   2.64102
-28.359   -39.265   7.73503
-29.359   -54.265   37.829
-6.35898   -42.265   40.923
-16.359   -13.171   -32.453
-19.359   -2.17097   -1.35898
-31.359   -23.171   20.735
-7.35898   -34.171   47.829
-16.359   -22.171   44.923
-12.359   -5.07695   -21.453
-28.359   10.923   -4.35898
-29.359   16.923   2.73503
3.73503   -75.453   -49.453
12.735   -92.453   1.64102
2.73503   -77.453   22.735
-2.26497   -70.453   21.829
-8.26497   -82.453   52.923
-7.26497   -79.359   -20.453
6.73503   -57.359   -26.359
3.73503   -47.359   26.735
-5.26497   -81.359   43.829
1.73503   -48.265   -28.453
8.73503   -24.265   -28.359
7.73503   -48.265   -11.265
6.73503   -36.265   49.829
19.735   -33.265   59.923
-0.264973   -2.17097   -27.453
-2.26497   -20.171   -15.359
8.73503   -5.17097   6.73503
12.735   -33.171   34.829
9.73503   -6.17097   55.923
7.73503   -9.07695   -22.453
1.73503   11.923   -1.35898
9.73503   -3.07695   -3.26497
10.735   17.923   44.829
10.735   10.923   60.923
20.829   -70.453   -30.453
15.829   -96.453   -28.359
38.829   -72.453   -7.26497
20.829   -83.453   21.829
44.829   -100.453   37.923
31.829   -55.359   -44.453
28.829   -80.359   -28.359
26.829   -55.359   6.73503
37.829   -70.359   23.829
36.829   -60.265   -54.453
24.829   -47.265   -29.359
16.829   -43.265   5.73503
26.829   -55.265   28.829
30.829   -45.265   37.923
44.829   -24.171   -43.453
12.829   -0.170965   -29.359
26.829   -22.171   0.735027
31.829   -3.17097   14.829
14.829   -15.171   54.923
30.829   -5.07695   32.829
33.829   10.923   34.923
62.923   -72.453   -36.453
44.923   -95.453   -6.35898
65.923   -76.453   -2.26497
68.923   -81.453   38.829
43.923   -76.453   64.923
52.923   -77.359   -46.453
64.923   -53.359   -27.359
68.923   -50.359   19.735
50.923   -43.265   -51.453
36.923   -59.265   -2.35898
36.923   -27.265   40.829
58.923   -33.171   -5.26497
52.923   -2.17097   48.829
64.923   19.923   -6.35898
56.923   -5.07695   8.73503
49.923   11.923   42.829



当前所需节点数量为: 105
缺失节点数为91941
各点坐标如下:
-32.453   -88.453   -34.453
-20.453   -88.453   -12.359
-28.453   -69.453   -9.26497
-57.453   -105.453   19.829
-21.453   -99.453   37.923
-27.453   -48.359   -45.453
-21.453   -65.359   -20.359
-22.453   -73.359   2.73503
-29.453   -47.359   34.829
-43.453   -67.359   50.923
-47.453   -54.265   -57.453
-19.453   -55.265   -15.359
-35.453   -62.265   7.73503
-29.453   -61.265   35.829
-20.453   -25.265   66.923
-52.453   -11.171   -27.453
-37.453   -13.171   -24.359
-23.453   -13.171   13.735
-48.453   -19.171   38.829
-21.453   -5.17097   40.923
-43.453   -7.07695   -44.453
-39.453   -8.07695   7.73503
-20.453   17.923   33.829
-14.359   -84.453   -35.453
-28.359   -83.453   -14.359
-31.359   -74.453   1.73503
-1.35898   -91.453   11.829
-25.359   -96.453   62.923
2.64102   -61.359   -48.453
-8.35898   -63.359   -28.359
1.64102   -85.359   3.73503
-20.359   -66.359   33.829
-1.35898   -65.359   52.923
-14.359   -57.265   -52.453
-29.359   -50.265   -4.35898
-5.35898   -47.265   12.735
-31.359   -49.265   16.829
-27.359   -37.265   51.923
1.64102   -15.171   -52.453
-24.359   -24.171   -8.35898
-17.359   -27.171   18.735
0.641016   -13.171   24.829
-15.359   -15.171   69.923
-33.359   -9.07695   -56.453
-24.359   -0.0769539   -21.359
-29.359   -10.077   18.735
21.735   -98.453   -53.453
-11.265   -91.453   -2.35898
7.73503   -90.453   5.73503
13.735   -80.453   45.829
5.73503   -102.453   44.923
-2.26497   -83.359   -21.453
13.735   -61.359   -10.359
9.73503   -56.359   22.735
15.735   -84.359   21.829
-6.26497   -52.265   -42.453
23.735   -57.265   -7.35898
-7.26497   -57.265   -6.26497
-11.265   -37.265   33.829
5.73503   -49.265   45.923
4.73503   -9.17097   -38.453
14.735   -36.171   -10.359
15.735   -7.17097   -1.26497
2.73503   -20.171   14.829
0.735027   -31.171   41.923
10.735   -3.07695   -40.453
-9.26497   -3.07695   -14.359
18.735   3.92305   13.735
24.735   4.92305   26.829
11.735   -13.077   60.923
49.829   -88.453   -37.453
30.829   -97.453   -8.35898
15.829   -69.453   7.73503
29.829   -94.453   49.829
35.829   -82.453   43.923
42.829   -71.359   -33.453
20.829   -68.359   -33.359
41.829   -76.359   12.735
31.829   -75.359   20.829
46.829   -29.265   -45.453
38.829   -27.265   -0.358984
20.829   -47.265   -1.26497
47.829   -40.265   20.829
31.829   -57.265   59.923
30.829   -10.171   -40.453
43.829   -17.171   -5.35898
30.829   -4.17097   -0.264973
30.829   -13.171   30.829
17.829   -30.171   65.923
27.829   -7.07695   35.829
42.829   19.923   57.923
64.923   -101.453   -19.453
35.923   -100.453   -10.359
45.923   -79.453   20.735
35.923   -94.453   32.829
52.923   -101.453   42.923
43.923   -56.359   -53.453
54.923   -74.359   -1.35898
38.923   -65.359   -6.26497
69.923   -26.265   -43.453
58.923   -30.265   -23.359
43.923   -35.265   31.829
46.923   -10.171   16.735
68.923   -9.07695   -0.358984
51.923   8.92305   -6.26497



当前所需节点数量为: 100
缺失节点数为102227
各点坐标如下:
-21.453   -88.453   -48.453
-27.453   -81.453   -5.35898
-21.453   -85.453   17.735
-45.453   -95.453   37.829
-32.453   -83.453   48.923
-49.453   -48.359   -53.453
-21.453   -46.359   -22.359
-35.453   -51.359   6.73503
-36.453   -69.359   18.829
-30.453   -75.359   40.923
-31.453   -54.265   -29.453
-56.453   -59.265   -17.359
-27.453   -61.265   -7.26497
-33.453   -46.265   28.829
-45.453   -55.265   36.923
-27.453   -24.171   -54.453
-23.453   -22.171   -31.359
-46.453   -0.170965   -11.265
-28.453   -17.171   30.829
-21.453   -24.171   62.923
-53.453   -10.077   -22.453
-24.453   -9.07695   26.735
-15.359   -81.453   -36.453
-34.359   -104.453   -7.35898
-28.359   -74.453   -4.26497
-24.359   -75.453   33.829
-18.359   -102.453   59.923
-15.359   -50.359   -49.453
-33.359   -49.359   -9.35898
-5.35898   -80.359   18.735
-5.35898   -47.359   48.829
-2.35898   -67.359   34.923
0.641016   -25.265   -31.453
-13.359   -25.265   -1.35898
-23.359   -58.265   15.735
-13.359   -44.265   32.829
-29.359   -25.265   60.923
-4.35898   -20.171   -32.453
-30.359   -19.171   -12.359
-2.35898   -25.171   15.735
-10.359   -34.171   40.829
-8.35898   -1.17097   41.923
-16.359   4.92305   -29.359
-18.359   19.923   0.735027
-6.26497   -88.453   -25.453
17.735   -80.453   -4.35898
5.73503   -84.453   0.735027
-4.26497   -77.453   42.829
17.735   -83.453   40.923
9.73503   -73.359   -43.453
4.73503   -82.359   -19.359
11.735   -51.359   2.73503
19.735   -68.359   49.829
-10.265   -29.265   -22.453
6.73503   -24.265   -15.359
3.73503   -33.265   -0.264973
-5.26497   -51.265   45.829
7.73503   -43.265   60.923
3.73503   -26.171   -41.453
11.735   -1.17097   -4.35898
-9.26497   -23.171   21.735
6.73503   -36.171   38.829
19.735   -0.170965   39.923
19.735   -14.077   -20.453
19.735   6.92305   -34.359
14.735   -7.07695   14.829
13.735   15.923   58.923
28.829   -100.453   -21.453
43.829   -73.453   0.641016
38.829   -70.453   3.73503
32.829   -91.453   29.829
26.829   -94.453   51.923
34.829   -75.359   -36.453
36.829   -83.359   -26.359
37.829   -64.359   -4.26497
30.829   -73.359   30.829
37.829   -60.265   -45.453
24.829   -42.265   -12.359
25.829   -45.265   7.73503
21.829   -57.265   31.829
18.829   -32.171   -42.453
38.829   -5.17097   -11.359
24.829   -19.171   17.735
32.829   -27.171   22.829
43.829   -4.17097   55.923
24.829   6.92305   34.829
46.923   -93.453   -35.453
68.923   -80.453   -4.35898
53.923   -89.453   13.735
54.923   -79.453   42.829
69.923   -90.453   63.923
53.923   -54.359   -46.453
44.923   -67.359   -9.35898
54.923   -73.359   8.73503
42.923   -34.265   -49.453
69.923   -43.265   -26.359
37.923   -28.265   36.829
63.923   -6.17097   2.73503
58.923   -3.07695   0.641016
46.923   17.923   12.735



当前所需节点数量为: 99
缺失节点数为101603
各点坐标如下:
-29.453   -94.453   -36.453
-29.453   -90.453   -26.359
-56.453   -105.453   23.735
-27.453   -101.453   37.829
-26.453   -107.453   59.923
-44.453   -82.359   -25.453
-22.453   -68.359   -17.359
-24.453   -81.359   7.73503
-34.453   -69.359   26.829
-55.453   -65.359   47.923
-38.453   -51.265   -31.453
-54.453   -58.265   -30.359
-46.453   -57.265   -1.26497
-46.453   -61.265   28.829
-19.453   -29.265   54.923
-29.453   -32.171   -35.453
-35.453   -32.171   -31.359
-56.453   -34.171   -1.26497
-34.453   -7.17097   35.829
-57.453   -4.17097   40.923
-40.453   3.92305   -38.453
-49.453   5.92305   10.735
-18.359   -70.453   -27.453
-8.35898   -94.453   -4.35898
-26.359   -95.453   12.735
-5.35898   -102.453   45.829
-17.359   -79.453   39.923
-14.359   -51.359   -44.453
-4.35898   -62.359   -29.359
-15.359   -62.359   -7.26497
-5.35898   -80.359   33.829
-24.359   -72.359   43.923
-2.35898   -33.265   -46.453
-11.359   -42.265   -11.359
-15.359   -34.265   -11.265
-25.359   -41.265   17.829
-30.359   -23.265   69.923
-21.359   -15.171   -24.453
-9.35898   -19.171   -17.359
0.641016   -35.171   -7.26497
-34.359   -6.17097   19.829
-11.359   -34.171   57.923
1.64102   -14.077   -21.359
-25.359   12.923   24.735
20.735   -94.453   -29.453
21.735   -86.453   -23.359
-10.265   -78.453   2.73503
-10.265   -101.453   13.829
22.735   -75.453   54.923
4.73503   -56.359   -29.453
8.73503   -52.359   -12.359
17.735   -67.359   17.735
2.73503   -69.359   45.829
19.735   -38.265   -30.453
16.735   -41.265   -33.359
7.73503   -46.265   10.735
20.735   -44.265   28.829
-3.26497   -41.265   57.923
2.73503   -21.171   -37.453
26.735   -5.17097   -20.359
15.735   -19.171   -4.26497
-0.264973   -29.171   38.829
-5.26497   -11.171   41.923
-10.265   6.92305   -24.453
16.735   1.92305   -18.359
18.735   -15.077   42.829
6.73503   17.923   46.923
45.829   -102.453   -24.453
30.829   -88.453   -18.359
12.829   -85.453   2.73503
26.829   -96.453   43.829
36.829   -85.453   37.923
26.829   -56.359   -24.453
32.829   -51.359   -13.359
27.829   -61.359   26.735
43.829   -65.359   49.829
38.829   -25.265   -21.453
12.829   -25.265   -28.359
49.829   -44.265   17.735
26.829   -40.265   24.829
39.829   -37.171   -34.453
33.829   -12.171   -22.359
40.829   -36.171   -6.26497
38.829   -11.171   49.829
21.829   -33.171   60.923
21.829   -14.077   18.829
47.923   -78.453   -53.453
48.923   -73.453   -32.359
57.923   -74.453   10.735
48.923   -97.453   19.829
64.923   -104.453   43.923
53.923   -58.359   -57.453
65.923   -64.359   -27.359
34.923   -75.359   22.735
34.923   -42.265   -53.453
65.923   -28.265   -25.359
41.923   -10.171   25.735
47.923   -1.07695   -2.35898
69.923   15.923   -4.26497



当前所需节点数量为: 97
缺失节点数为93680
各点坐标如下:
-37.453   -88.453   -57.453
-35.453   -80.453   -20.359
-43.453   -72.453   -3.26497
-52.453   -105.453   34.829
-31.453   -93.453   68.923
-22.453   -46.359   -52.453
-33.453   -82.359   -13.359
-31.453   -81.359   -1.26497
-36.453   -59.359   40.829
-45.453   -46.265   -40.453
-44.453   -60.265   -25.359
-27.453   -42.265   -5.26497
-19.453   -37.265   20.829
-34.453   -48.265   59.923
-35.453   -25.171   -29.453
-29.453   -0.170965   -0.358984
-45.453   -9.17097   25.735
-32.453   -22.171   37.829
-40.453   -4.17097   54.923
-39.453   -7.07695   -19.453
-23.453   8.92305   -10.265
-25.359   -91.453   -37.453
-19.359   -91.453   -27.359
-8.35898   -106.453   11.735
-20.359   -83.453   48.829
-26.359   -89.453   35.923
-31.359   -55.359   -27.453
-29.359   -65.359   -26.359
-2.35898   -82.359   -4.26497
-16.359   -65.359   30.829
-16.359   -65.359   38.923
-12.359   -33.265   -33.453
-30.359   -57.265   -32.359
-19.359   -27.265   -5.26497
-31.359   -47.265   45.829
-30.359   -40.265   47.923
-28.359   -14.171   -50.453
-33.359   -8.17097   -7.35898
-21.359   -12.171   17.735
-11.359   -32.171   22.829
-31.359   -15.171   64.923
-23.359   -5.07695   -12.359
1.64102   -0.0769539   18.735
-9.26497   -74.453   -31.453
-2.26497   -107.453   -32.359
-6.26497   -102.453   15.735
9.73503   -92.453   28.829
16.735   -88.453   46.923
6.73503   -48.359   -57.453
1.73503   -63.359   -25.359
11.735   -56.359   24.735
7.73503   -83.359   19.829
-5.26497   -59.265   -31.453
25.735   -57.265   -14.359
13.735   -44.265   9.73503
19.735   -36.265   41.829
10.735   -53.265   41.923
-10.265   -36.171   -27.453
1.73503   -15.171   -6.35898
5.73503   -2.17097   -0.264973
14.735   -14.171   15.829
11.735   -30.171   43.923
19.735   -0.0769539   -46.453
7.73503   -1.07695   -15.359
-7.26497   -11.077   47.829
35.829   -85.453   -26.453
46.829   -80.453   -1.35898
37.829   -102.453   9.73503
28.829   -85.453   30.829
42.829   -94.453   39.923
47.829   -82.359   -40.453
21.829   -51.359   -2.35898
32.829   -66.359   -1.26497
17.829   -59.359   25.829
14.829   -42.265   -39.453
38.829   -55.265   -33.359
34.829   -59.265   21.735
32.829   -32.265   49.829
16.829   -27.171   -32.453
39.829   -34.171   -34.359
48.829   -33.171   -9.26497
27.829   -19.171   12.829
21.829   -32.171   55.923
34.829   -3.07695   20.829
36.923   -91.453   -28.453
54.923   -100.453   3.64102
59.923   -73.453   -9.26497
53.923   -89.453   46.829
53.923   -81.453   41.923
41.923   -68.359   -42.453
45.923   -69.359   -11.359
48.923   -53.359   -6.26497
52.923   -55.265   -46.453
35.923   -28.265   -12.359
45.923   -2.17097   -8.26497
38.923   2.92305   -24.359
38.923   -10.077   -2.26497



当前所需节点数量为: 94
缺失节点数为101138
各点坐标如下:
-45.453   -103.453   -29.453
-33.453   -103.453   -4.35898
-23.453   -97.453   -4.26497
-29.453   -101.453   29.829
-20.453   -86.453   39.923
-43.453   -50.359   -29.453
-46.453   -67.359   -1.35898
-55.453   -77.359   4.73503
-39.453   -60.359   18.829
-23.453   -48.265   -20.453
-20.453   -33.265   -28.359
-30.453   -43.265   2.73503
-38.453   -48.265   35.829
-31.453   -54.265   68.923
-48.453   -29.171   -37.453
-39.453   -15.171   -18.359
-49.453   -0.170965   24.735
-55.453   -37.171   19.829
-25.453   5.92305   -43.453
-23.453   4.92305   -8.26497
-29.359   -94.453   -37.453
-15.359   -71.453   3.64102
-26.359   -80.453   -5.26497
-27.359   -106.453   27.829
-7.35898   -88.453   37.923
-26.359   -57.359   -51.453
-26.359   -51.359   -23.359
-15.359   -65.359   25.735
-17.359   -72.359   30.829
-4.35898   -73.359   39.923
2.64102   -45.265   -38.453
-11.359   -26.265   -15.359
-12.359   -54.265   0.735027
-2.35898   -43.265   24.829
-15.359   -20.171   -32.453
-9.35898   -9.17097   -11.359
2.64102   -27.171   -7.26497
-34.359   -10.171   30.829
-14.359   -15.171   65.923
-8.35898   9.92305   -25.359
-28.359   -5.07695   -3.26497
17.735   -71.453   -38.453
-9.26497   -73.453   3.64102
7.73503   -99.453   -2.26497
5.73503   -80.453   41.829
-8.26497   -88.453   55.923
18.735   -65.359   -25.453
26.735   -64.359   -9.35898
7.73503   -82.359   2.73503
3.73503   -56.359   12.829
11.735   -23.265   -42.453
24.735   -29.265   -17.359
5.73503   -26.265   3.73503
7.73503   -45.265   33.829
16.735   -29.265   50.923
7.73503   -38.171   -20.453
-5.26497   -4.17097   -15.359
-8.26497   -5.17097   -7.26497
17.735   -24.171   21.829
-4.26497   -10.171   36.923
0.735027   1.92305   -55.453
18.735   2.92305   3.64102
34.829   -88.453   -42.453
22.829   -99.453   -22.359
41.829   -75.453   4.73503
39.829   -69.453   23.829
24.829   -100.453   40.923
31.829   -48.359   -34.453
41.829   -76.359   -17.359
44.829   -61.359   26.735
49.829   -68.359   28.829
49.829   -34.265   -41.453
48.829   -46.265   -0.358984
24.829   -32.265   -3.26497
39.829   -41.265   15.829
17.829   -23.171   -49.453
32.829   -11.171   -19.359
39.829   -26.171   3.73503
28.829   -34.171   38.829
45.829   -1.17097   46.923
44.829   -14.077   38.829
48.923   -106.453   -41.453
64.923   -69.453   0.641016
63.923   -90.453   14.735
36.923   -97.453   20.829
41.923   -90.453   60.923
52.923   -46.359   -38.453
67.923   -54.359   -3.35898
47.923   -72.359   23.735
35.923   -54.265   -20.453
48.923   -56.265   -34.359
40.923   -19.171   -10.265
56.923   -0.0769539   -30.359
56.923   -9.07695   12.735



当前所需节点数量为: 92
缺失节点数为99743
各点坐标如下:
-38.453   -88.453   -34.453
-23.453   -100.453   -23.359
-51.453   -81.453   18.735
-35.453   -100.453   22.829
-39.453   -99.453   53.923
-31.453   -49.359   -35.453
-56.453   -74.359   -23.359
-52.453   -47.359   7.73503
-47.453   -53.359   45.829
-38.453   -44.265   -32.453
-30.453   -59.265   -25.359
-44.453   -25.265   5.73503
-30.453   -54.265   15.829
-35.453   -28.265   50.923
-24.453   -25.171   -34.453
-38.453   -35.171   -11.359
-51.453   -30.171   25.735
-37.453   -21.171   12.829
-56.453   15.923   -25.453
-22.453   -2.07695   -0.264973
-8.35898   -103.453   -43.453
1.64102   -89.453   -19.359
-20.359   -97.453   13.735
-13.359   -75.453   34.829
3.64102   -77.453   34.923
-8.35898   -70.359   -49.453
-22.359   -65.359   -18.359
-20.359   -82.359   24.735
-19.359   -81.359   40.829
-25.359   -80.359   40.923
-10.359   -31.265   -46.453
-31.359   -34.265   -2.35898
-16.359   -55.265   -8.26497
-26.359   -30.265   11.829
0.641016   -8.17097   -23.453
1.64102   -19.171   -24.359
-29.359   -4.17097   18.735
-9.35898   -28.171   47.829
-11.359   -13.171   35.923
-11.359   7.92305   -8.26497
26.735   -80.453   -23.453
19.735   -97.453   -32.359
26.735   -85.453   25.735
-8.26497   -88.453   40.829
26.735   -90.453   47.923
-2.26497   -62.359   -45.453
-7.26497   -72.359   -13.359
-9.26497   -49.359   0.735027
-5.26497   -67.359   22.829
7.73503   -59.265   -57.453
10.735   -60.265   -7.35898
7.73503   -25.265   -9.26497
12.735   -25.265   35.829
10.735   -57.265   39.923
6.73503   -35.171   -32.453
22.735   -22.171   -22.359
-3.26497   -18.171   12.735
21.735   -16.171   35.829
-5.26497   -5.17097   37.923
9.73503   -2.07695   -49.453
9.73503   -15.077   -21.359
21.829   -86.453   -46.453
27.829   -99.453   -23.359
13.829   -73.453   4.73503
21.829   -90.453   33.829
46.829   -95.453   34.923
23.829   -65.359   -37.453
48.829   -69.359   -26.359
36.829   -60.359   -5.26497
40.829   -77.359   30.829
49.829   -33.265   -38.453
24.829   -57.265   -28.359
38.829   -42.265   2.73503
10.829   -36.265   24.829
30.829   -2.17097   -27.453
13.829   -2.17097   -27.359
14.829   -28.171   15.735
38.829   -27.171   17.829
11.829   -1.17097   65.923
18.829   12.923   49.829
63.923   -77.453   -26.453
48.923   -99.453   1.64102
54.923   -107.453   8.73503
47.923   -85.453   42.923
42.923   -59.359   -52.453
49.923   -53.359   -18.359
41.923   -64.359   18.735
51.923   -37.265   -28.453
43.923   -29.265   -12.359
47.923   -12.171   6.73503
43.923   -13.077   -5.35898
44.923   6.92305   17.735



当前所需节点数量为: 91
缺失节点数为98923
各点坐标如下:
-23.453   -94.453   -28.453
-55.453   -89.453   -15.359
-26.453   -69.453   7.73503
-55.453   -96.453   42.829
-38.453   -88.453   39.923
-57.453   -79.359   -38.453
-38.453   -79.359   -30.359
-54.453   -64.359   2.73503
-50.453   -82.359   16.829
-36.453   -48.265   -56.453
-23.453   -48.265   -20.359
-29.453   -45.265   23.735
-45.453   -53.265   46.829
-23.453   -50.265   44.923
-30.453   -5.17097   -23.453
-25.453   -4.17097   -34.359
-44.453   -20.171   -5.26497
-37.453   -17.171   38.829
-22.453   16.923   -28.453
-52.453   0.923046   -4.26497
-28.359   -92.453   -37.453
-14.359   -99.453   1.64102
-16.359   -84.453   -6.26497
-17.359   -88.453   30.829
-3.35898   -100.453   52.923
-4.35898   -80.359   -43.453
-4.35898   -66.359   0.641016
-33.359   -81.359   6.73503
-2.35898   -46.359   26.829
-11.359   -77.359   64.923
-0.358984   -47.265   -47.453
-18.359   -27.265   -16.359
-17.359   -44.265   -9.26497
-12.359   -24.265   32.829
-27.359   -5.17097   -24.453
-10.359   -14.171   3.64102
-31.359   -18.171   8.73503
-31.359   -16.171   34.829
-13.359   -19.171   59.923
-33.359   -7.07695   21.735
20.735   -104.453   -49.453
-8.26497   -88.453   -27.359
12.735   -70.453   15.735
15.735   -83.453   41.829
2.73503   -73.453   58.923
-2.26497   -60.359   -46.453
-3.26497   -53.359   0.641016
20.735   -50.359   7.73503
5.73503   -63.359   49.829
-7.26497   -39.265   -50.453
-9.26497   -42.265   -20.359
-0.264973   -39.265   22.735
9.73503   -49.265   47.829
2.73503   -56.265   59.923
-5.26497   -19.171   -37.453
18.735   -7.17097   -28.359
-5.26497   -37.171   -9.26497
-8.26497   -5.17097   48.829
12.735   -24.171   53.923
15.735   5.92305   -53.453
23.735   7.92305   -7.35898
21.829   -69.453   -42.453
21.829   -87.453   -7.35898
18.829   -72.453   20.735
43.829   -101.453   28.829
29.829   -70.453   43.923
39.829   -79.359   -43.453
41.829   -73.359   -23.359
40.829   -48.359   13.735
25.829   -59.359   20.829
31.829   -37.265   -21.453
20.829   -61.265   0.641016
35.829   -51.265   9.73503
24.829   -41.265   32.829
21.829   -20.171   -30.453
37.829   -37.171   -8.35898
47.829   -9.17097   22.735
23.829   -14.171   18.829
33.829   -23.171   42.923
25.829   16.923   48.829
60.923   -92.453   -34.453
57.923   -80.453   -11.359
54.923   -94.453   25.735
37.923   -77.453   56.923
58.923   -82.359   -52.453
48.923   -52.359   -25.359
39.923   -51.359   -11.265
35.923   -55.265   -32.453
46.923   -28.265   -29.359
57.923   -26.171   -9.26497
41.923   6.92305   -5.26497



当前所需节点数量为: 90
缺失节点数为94696
各点坐标如下:
-38.453   -72.453   -54.453
-26.453   -92.453   -23.359
-56.453   -89.453   -7.26497
-46.453   -88.453   28.829
-41.453   -76.453   58.923
-41.453   -83.359   -44.453
-48.453   -55.359   -12.359
-47.453   -81.359   16.735
-23.453   -84.359   16.829
-51.453   -40.265   -28.453
-39.453   -59.265   -4.35898
-33.453   -23.265   -5.26497
-21.453   -61.265   39.829
-55.453   -46.265   43.923
-36.453   -4.17097   -56.453
-50.453   -23.171   -27.359
-33.453   -15.171   25.735
-46.453   -1.17097   12.829
-47.453   -11.077   15.735
-33.359   -83.453   -24.453
-3.35898   -96.453   -2.35898
-32.359   -95.453   24.735
-4.35898   -93.453   28.829
-30.359   -107.453   50.923
-28.359   -76.359   -27.453
-17.359   -52.359   -15.359
-18.359   -75.359   6.73503
-14.359   -74.359   30.829
-8.35898   -61.359   60.923
-16.359   -34.265   -44.453
-18.359   -38.265   -7.35898
-21.359   -35.265   -11.265
-20.359   -39.265   29.829
-4.35898   -12.171   -38.453
-27.359   -1.17097   -4.35898
-32.359   -23.171   16.735
-12.359   -4.17097   48.829
-29.359   -22.171   46.923
-10.359   -8.07695   23.735
0.735027   -83.453   -34.453
16.735   -102.453   -25.359
6.73503   -89.453   -11.265
9.73503   -75.453   33.829
-10.265   -84.453   49.923
11.735   -50.359   -44.453
4.73503   -47.359   -3.35898
-6.26497   -60.359   14.735
-7.26497   -55.359   15.829
4.73503   -45.265   -45.453
0.735027   -30.265   -33.359
-11.265   -40.265   -4.26497
-1.26497   -57.265   39.829
-0.264973   -35.265   56.923
25.735   -7.17097   -46.453
1.73503   -21.171   -24.359
17.735   -5.17097   -2.26497
9.73503   -35.171   44.829
-1.26497   -31.171   61.923
6.73503   10.923   -49.453
17.735   -12.077   -33.359
46.829   -103.453   -31.453
17.829   -89.453   -1.35898
46.829   -76.453   9.73503
33.829   -74.453   29.829
44.829   -99.453   68.923
16.829   -83.359   -25.453
29.829   -61.359   0.641016
27.829   -47.359   -3.26497
16.829   -67.359   48.829
24.829   -50.265   -55.453
29.829   -54.265   -25.359
20.829   -43.265   18.735
15.829   -43.265   34.829
39.829   -36.171   -36.453
19.829   -2.17097   -5.35898
14.829   -32.171   18.735
47.829   -15.171   30.829
47.829   -38.171   52.923
16.829   -6.07695   46.829
42.923   -86.453   -50.453
44.923   -103.453   -15.359
56.923   -94.453   -10.265
49.923   -87.453   53.923
36.923   -73.359   -36.453
57.923   -65.359   -12.359
52.923   -59.359   19.735
44.923   -35.265   -41.453
66.923   -34.265   -15.359
46.923   -2.17097   20.735
45.923   -10.077   4.73503



当前所需节点数量为: 88
缺失节点数为96852
各点坐标如下:
-38.453   -94.453   -25.453
-43.453   -88.453   -24.359
-50.453   -73.453   14.735
-27.453   -86.453   30.829
-45.453   -83.453   51.923
-31.453   -46.359   -48.453
-37.453   -65.359   -14.359
-43.453   -53.359   10.735
-29.453   -70.359   34.829
-47.453   -58.265   -35.453
-22.453   -35.265   1.64102
-26.453   -56.265   4.73503
-54.453   -48.265   25.829
-24.453   -57.265   35.923
-43.453   -22.171   -29.453
-24.453   -31.171   -6.35898
-53.453   -7.17097   -2.26497
-29.453   -31.171   16.829
-41.453   -15.077   7.73503
-29.359   -93.453   -32.453
-7.35898   -96.453   -20.359
-6.35898   -104.453   11.735
-25.359   -96.453   12.829
-11.359   -102.453   39.923
-10.359   -62.359   -32.453
-19.359   -66.359   1.64102
-26.359   -60.359   17.735
-14.359   -69.359   12.829
-9.35898   -53.359   35.923
-24.359   -61.265   -41.453
1.64102   -33.265   -4.35898
-19.359   -42.265   25.735
-32.359   -31.265   21.829
-31.359   -22.171   -38.453
-21.359   -33.171   -32.359
-32.359   -15.171   11.735
-34.359   -3.17097   21.829
-5.35898   -21.171   58.923
-1.35898   -11.077   8.73503
23.735   -89.453   -36.453
5.73503   -92.453   -19.359
-3.26497   -74.453   24.735
-0.264973   -72.453   39.829
11.735   -103.453   40.923
-7.26497   -67.359   -43.453
-1.26497   -65.359   2.64102
21.735   -65.359   22.735
-3.26497   -71.359   27.829
20.735   -53.265   -38.453
6.73503   -53.265   3.64102
-7.26497   -37.265   5.73503
7.73503   -28.265   26.829
5.73503   -53.265   49.923
-0.264973   -6.17097   -38.453
7.73503   -37.171   -34.359
22.735   -23.171   7.73503
25.735   -29.171   14.829
23.735   -18.171   51.923
1.73503   -0.0769539   -29.453
46.829   -105.453   -35.453
28.829   -83.453   -15.359
43.829   -100.453   16.735
23.829   -89.453   33.829
42.829   -69.453   61.923
43.829   -47.359   -53.453
28.829   -48.359   -17.359
30.829   -48.359   25.735
12.829   -74.359   28.829
40.829   -54.265   -42.453
38.829   -54.265   -14.359
26.829   -37.265   -0.264973
46.829   -40.265   32.829
39.829   -4.17097   -53.453
27.829   -8.17097   -27.359
16.829   -12.171   -5.26497
20.829   -34.171   18.829
40.829   -11.171   38.923
39.829   13.923   26.829
41.923   -87.453   -32.453
59.923   -94.453   -1.35898
45.923   -80.453   7.73503
59.923   -84.453   37.923
42.923   -70.359   -56.453
47.923   -51.359   -3.35898
54.923   -46.359   7.73503
65.923   -49.265   -30.453
38.923   -7.17097   -3.26497
56.923   -12.077   20.735



当前所需节点数量为: 87
缺失节点数为96682
各点坐标如下:
-49.453   -86.453   -40.453
-43.453   -100.453   -6.35898
-29.453   -104.453   13.735
-28.453   -92.453   36.829
-31.453   -81.453   55.923
-51.453   -65.359   -45.453
-26.453   -76.359   -6.35898
-27.453   -68.359   24.735
-53.453   -64.359   38.829
-42.453   -24.265   -48.453
-57.453   -54.265   -0.358984
-40.453   -37.265   -9.26497
-50.453   -47.265   16.829
-21.453   -57.265   54.923
-34.453   -4.17097   -45.453
-51.453   -37.171   -3.35898
-35.453   -2.17097   -11.265
-45.453   -10.171   30.829
-44.453   16.923   -10.265
-29.359   -95.453   -54.453
-20.359   -95.453   -24.359
-21.359   -78.453   26.735
-18.359   -105.453   25.829
-9.35898   -69.453   55.923
-27.359   -58.359   -40.453
-15.359   -48.359   -12.359
-19.359   -65.359   7.73503
-15.359   -49.359   24.829
-34.359   -71.359   45.923
-29.359   -43.265   -35.453
-25.359   -26.265   0.641016
-12.359   -51.265   17.735
-12.359   -32.265   46.829
-34.359   -21.171   -19.453
-13.359   -11.171   -9.35898
-31.359   -30.171   14.735
-8.35898   -12.171   22.829
-23.359   -28.171   41.923
-7.35898   -4.07695   11.735
-11.265   -88.453   -51.453
10.735   -79.453   -32.359
10.735   -91.453   4.73503
5.73503   -104.453   21.829
2.73503   -104.453   60.923
5.73503   -55.359   -41.453
-8.26497   -51.359   -7.35898
21.735   -61.359   7.73503
-5.26497   -46.359   40.829
1.73503   -34.265   -53.453
-10.265   -30.265   -10.359
-4.26497   -46.265   5.73503
-1.26497   -59.265   44.829
17.735   -42.265   35.923
-10.265   -2.17097   -53.453
20.735   -24.171   2.64102
-2.26497   -18.171   23.735
-10.265   -22.171   30.829
7.73503   -13.171   57.923
2.73503   -12.077   -41.453
30.829   -102.453   -49.453
18.829   -94.453   -8.35898
35.829   -81.453   16.735
33.829   -87.453   24.829
38.829   -85.453   48.923
43.829   -67.359   -26.453
45.829   -55.359   -17.359
41.829   -51.359   21.735
27.829   -66.359   30.829
11.829   -29.265   -34.453
27.829   -45.265   -1.35898
39.829   -38.265   -4.26497
27.829   -48.265   48.829
21.829   -37.171   -38.453
37.829   -10.171   -30.359
12.829   -13.171   11.735
47.829   -17.171   29.829
26.829   -24.171   47.923
24.829   17.923   42.829
59.923   -92.453   -29.359
53.923   -103.453   20.735
64.923   -84.453   41.923
62.923   -47.359   -46.453
44.923   -60.359   -33.359
52.923   -55.359   18.735
40.923   -35.265   -40.453
58.923   -36.171   22.735
36.923   -0.0769539   16.735



当前所需节点数量为: 85
缺失节点数为94652
各点坐标如下:
-57.453   -72.453   -55.453
-25.453   -78.453   -28.359
-55.453   -100.453   23.735
-32.453   -107.453   40.829
-55.453   -94.453   46.923
-39.453   -78.359   -23.453
-29.453   -70.359   -17.359
-25.453   -71.359   2.73503
-24.453   -63.359   33.829
-40.453   -38.265   -32.453
-41.453   -35.265   -9.35898
-36.453   -42.265   5.73503
-30.453   -35.265   34.829
-29.453   -45.265   61.923
-35.453   -19.171   -55.453
-23.453   -2.17097   -22.359
-28.453   -12.171   17.735
-46.453   -15.171   18.829
-33.453   2.92305   17.735
-25.359   -69.453   -39.453
3.64102   -88.453   -29.359
-9.35898   -106.453   13.735
-31.359   -75.453   25.829
-4.35898   -86.453   67.923
-15.359   -78.359   -43.453
-10.359   -83.359   -19.359
2.64102   -50.359   -5.26497
-2.35898   -78.359   40.829
-34.359   -53.359   46.923
-1.35898   -56.265   -45.453
-22.359   -57.265   -4.35898
-16.359   -32.265   22.735
-26.359   -25.265   39.829
-9.35898   -11.171   -45.453
-14.359   -30.171   -16.359
-0.358984   -1.17097   10.735
-20.359   -2.17097   29.829
-15.359   -6.17097   58.923
-20.359   17.923   8.73503
14.735   -80.453   -32.453
-9.26497   -103.453   -4.35898
24.735   -86.453   12.735
20.735   -73.453   33.829
9.73503   -87.453   46.923
22.735   -82.359   -34.453
5.73503   -83.359   -12.359
-7.26497   -69.359   10.735
10.735   -46.359   28.829
0.735027   -48.265   -42.453
24.735   -57.265   -27.359
11.735   -51.265   0.735027
7.73503   -54.265   48.829
-3.26497   -61.265   66.923
19.735   -16.171   -39.453
-3.26497   -17.171   -15.359
23.735   -35.171   12.735
10.735   -31.171   15.829
-4.26497   -5.17097   37.923
15.735   -5.07695   -38.453
15.829   -99.453   -34.453
26.829   -72.453   -1.35898
37.829   -88.453   -6.26497
39.829   -80.453   17.829
36.829   -88.453   67.923
15.829   -53.359   -38.453
38.829   -52.359   -8.35898
25.829   -68.359   22.735
30.829   -61.359   43.829
36.829   -45.265   -49.453
17.829   -38.265   -18.359
44.829   -23.265   0.735027
42.829   -33.265   42.829
48.829   -19.171   -35.453
20.829   -33.171   -26.359
17.829   -25.171   -10.265
36.829   -37.171   44.829
25.829   -22.171   45.923
44.923   -83.453   -19.359
52.923   -73.453   -11.265
49.923   -56.359   -26.453
44.923   -54.359   -19.359
67.923   -83.359   11.735
37.923   -54.265   -21.453
42.923   -1.17097   25.735
36.923   0.923046   3.73503



当前所需节点数量为: 85
缺失节点数为102353
各点坐标如下:
-39.453   -93.453   -38.453
-55.453   -79.453   -15.359
-50.453   -88.453   18.735
-27.453   -89.453   41.829
-50.453   -97.453   62.923
-40.453   -47.359   -45.453
-30.453   -80.359   -18.359
-22.453   -79.359   14.735
-37.453   -65.359   37.829
-55.453   -36.265   -49.453
-22.453   -56.265   -9.35898
-38.453   -50.265   4.73503
-19.453   -43.265   46.829
-28.453   -52.265   52.923
-36.453   -19.171   -30.453
-43.453   -37.171   -5.35898
-31.453   -10.171   22.735
-50.453   -10.171   11.829
-23.453   -1.07695   10.735
-12.359   -91.453   -47.453
-0.358984   -90.453   -15.359
-13.359   -72.453   17.735
3.64102   -72.453   23.829
3.64102   -81.453   58.923
-17.359   -72.359   -48.453
-29.359   -55.359   -23.359
-0.358984   -64.359   -7.26497
-1.35898   -56.359   47.829
-0.358984   -61.359   45.923
-15.359   -50.265   -27.453
-2.35898   -55.265   -25.359
-18.359   -30.265   -2.26497
-27.359   -28.265   16.829
-12.359   -5.17097   -23.453
-26.359   -24.171   -23.359
-14.359   -16.171   -5.26497
-3.35898   -16.171   37.829
-34.359   -21.171   51.923
1.64102   -2.07695   -6.26497
-2.26497   -73.453   -38.453
-10.265   -76.453   -9.35898
1.73503   -98.453   6.73503
9.73503   -88.453   24.829
18.735   -105.453   45.923
17.735   -70.359   -29.453
-9.26497   -49.359   -21.359
0.735027   -53.359   23.735
-11.265   -53.359   28.829
8.73503   -32.265   -24.453
16.735   -58.265   -2.35898
-2.26497   -57.265   13.735
22.735   -41.265   48.829
6.73503   -57.265   52.923
22.735   -38.171   -33.453
-2.26497   -9.17097   -35.359
26.735   -2.17097   23.735
4.73503   -29.171   42.829
3.73503   -29.171   57.923
20.735   17.923   -43.453
37.829   -85.453   -39.453
30.829   -75.453   -9.35898
21.829   -76.453   -0.264973
20.829   -93.453   30.829
41.829   -98.453   53.923
28.829   -63.359   -43.453
30.829   -60.359   -23.359
27.829   -83.359   11.735
23.829   -67.359   47.829
47.829   -47.265   -27.453
26.829   -56.265   -19.359
47.829   -32.265   0.735027
37.829   -61.265   16.829
48.829   -25.171   -36.453
29.829   -29.171   -0.358984
13.829   -13.171   6.73503
27.829   -32.171   15.829
41.829   -12.171   44.923
53.923   -69.453   -7.35898
51.923   -107.453   -5.26497
46.923   -68.359   -45.453
64.923   -71.359   -32.359
38.923   -84.359   -5.26497
47.923   -59.265   -38.453
69.923   -15.171   16.735
68.923   9.92305   7.73503



当前所需节点数量为: 84
缺失节点数为100498
各点坐标如下:
-26.453   -84.453   -38.453
-56.453   -88.453   -7.35898
-50.453   -78.453   22.735
-31.453   -101.453   12.829
-51.453   -60.359   -23.453
-28.453   -68.359   3.64102
-47.453   -48.359   26.735
-43.453   -71.359   34.829
-19.453   -23.265   -45.453
-49.453   -27.265   1.64102
-27.453   -26.265   7.73503
-38.453   -57.265   20.829
-38.453   -26.265   50.923
-37.453   -3.17097   -30.453
-38.453   -36.171   -17.359
-42.453   -3.17097   25.735
-39.453   -31.171   49.829
-40.453   8.92305   0.735027
-33.359   -83.453   -42.453
-17.359   -71.453   -24.359
-16.359   -79.453   -4.26497
2.64102   -95.453   26.829
-23.359   -73.453   45.923
-7.35898   -68.359   -46.453
-15.359   -84.359   -20.359
-32.359   -65.359   -0.264973
-34.359   -48.359   32.829
3.64102   -66.359   42.923
-19.359   -42.265   -21.453
-5.35898   -60.265   -1.35898
-33.359   -42.265   14.735
-22.359   -43.265   14.829
-7.35898   -6.17097   -19.453
-31.359   -14.171   -15.359
-19.359   -32.171   11.735
-1.35898   -26.171   14.829
-25.359   -22.171   38.923
-4.35898   0.923046   10.735
26.735   -74.453   -51.453
24.735   -83.453   -23.359
22.735   -82.453   19.735
13.735   -105.453   24.829
17.735   -74.453   41.923
16.735   -82.359   -25.453
1.73503   -66.359   -31.359
24.735   -68.359   4.73503
-7.26497   -60.359   43.829
-2.26497   -45.265   -45.453
22.735   -42.265   -27.359
-5.26497   -44.265   23.735
6.73503   -45.265   37.829
-1.26497   -58.265   63.923
14.735   -6.17097   -33.453
22.735   -12.171   -8.35898
19.735   -35.171   -2.26497
23.735   -37.171   39.829
4.73503   -33.171   48.923
0.735027   2.92305   -23.453
39.829   -90.453   -42.453
11.829   -84.453   0.641016
46.829   -105.453   1.73503
34.829   -91.453   30.829
28.829   -100.453   50.923
13.829   -78.359   -54.453
43.829   -46.359   -23.359
17.829   -46.359   0.735027
46.829   -66.359   31.829
25.829   -27.265   -54.453
20.829   -38.265   -14.359
34.829   -34.265   -3.26497
31.829   -34.265   26.829
48.829   -26.171   -23.453
28.829   -6.17097   -32.359
44.829   -38.171   -2.26497
13.829   -5.17097   23.829
24.829   -34.171   45.923
62.923   -107.453   -2.35898
49.923   -92.453   16.735
52.923   -57.359   -41.453
37.923   -72.359   -29.359
46.923   -48.359   20.735
60.923   -23.265   -48.453
59.923   -21.171   -5.26497
62.923   -0.0769539   -4.26497



当前所需节点数量为: 84
缺失节点数为91413
各点坐标如下:
-46.453   -107.453   -38.453
-51.453   -80.453   -3.35898
-33.453   -70.453   23.735
-44.453   -77.453   28.829
-47.453   -72.359   -26.453
-42.453   -68.359   -23.359
-48.453   -65.359   -8.26497
-56.453   -75.359   18.829
-37.453   -32.265   -27.453
-30.453   -41.265   -15.359
-30.453   -26.265   10.735
-49.453   -55.265   22.829
-54.453   -27.265   47.923
-53.453   -27.171   -49.453
-34.453   -13.171   -11.359
-40.453   -33.171   -10.265
-30.453   -23.171   30.829
-27.453   0.923046   17.735
-32.359   -71.453   -34.453
-1.35898   -79.453   -25.359
-21.359   -90.453   -2.26497
-34.359   -79.453   30.829
-18.359   -75.453   48.923
-5.35898   -48.359   -32.453
-32.359   -63.359   -18.359
-8.35898   -81.359   8.73503
-7.35898   -54.359   46.829
-25.359   -59.359   47.923
-31.359   -33.265   -43.453
-4.35898   -35.265   -30.359
-33.359   -60.265   12.735
-20.359   -56.265   25.829
-2.35898   -18.171   -47.453
-26.359   -23.171   -23.359
1.64102   -21.171   24.735
-21.359   -34.171   11.829
-0.358984   -6.17097   64.923
-3.35898   -9.07695   6.73503
-2.26497   -97.453   -46.453
11.735   -106.453   2.64102
18.735   -101.453   -8.26497
7.73503   -88.453   20.829
25.735   -93.453   63.923
0.735027   -60.359   -48.453
11.735   -58.359   -8.35898
12.735   -80.359   22.735
12.735   -84.359   39.829
7.73503   -26.265   -23.453
-8.26497   -52.265   -25.359
3.73503   -25.265   2.73503
5.73503   -30.265   30.829
8.73503   -45.265   35.923
20.735   -24.171   -38.453
14.735   -12.171   -26.359
24.735   -23.171   26.735
11.735   -35.171   14.829
7.73503   -7.17097   41.923
1.73503   -2.07695   -50.453
23.829   -88.453   -41.453
35.829   -69.453   -21.359
49.829   -91.453   -2.26497
30.829   -106.453   36.829
34.829   -74.453   34.923
18.829   -63.359   -27.453
29.829   -62.359   -24.359
29.829   -72.359   2.73503
31.829   -49.359   17.829
39.829   -52.265   -34.453
46.829   -37.265   -30.359
24.829   -51.265   -8.26497
40.829   -51.265   33.829
49.829   -6.17097   -33.453
36.829   -18.171   -15.359
40.829   -11.171   -5.26497
35.829   -31.171   40.829
49.829   -14.171   36.923
47.923   -96.453   3.64102
57.923   -107.453   0.735027
42.923   -84.359   -56.453
50.923   -71.359   -22.359
56.923   -77.359   13.735
41.923   -51.265   -35.453
65.923   -38.171   -7.26497
46.923   17.923   20.735



当前所需节点数量为: 84
缺失节点数为94916
各点坐标如下:
-31.453   -106.453   -34.453
-38.453   -99.453   -16.359
-49.453   -102.453   22.735
-36.453   -88.453   47.829
-46.453   -55.359   -44.453
-46.453   -73.359   -15.359
-37.453   -57.359   20.735
-44.453   -77.359   31.829
-44.453   -51.265   -57.453
-40.453   -42.265   -31.359
-31.453   -54.265   -7.26497
-42.453   -33.265   24.829
-21.453   -24.265   55.923
-25.453   -15.171   -51.453
-23.453   -0.170965   -33.359
-45.453   -27.171   1.73503
-24.453   -6.17097   12.829
-30.453   -9.07695   0.735027
-22.359   -85.453   -36.453
-22.359   -107.453   -32.359
-15.359   -77.453   1.73503
-11.359   -100.453   17.829
2.64102   -102.453   42.923
-11.359   -82.359   -25.453
-4.35898   -83.359   -3.35898
-3.35898   -71.359   -7.26497
-29.359   -76.359   12.829
-24.359   -49.359   42.923
-10.359   -49.265   -23.453
-26.359   -37.265   0.641016
-20.359   -53.265   15.735
-8.35898   -29.265   49.829
1.64102   -5.17097   -49.453
-28.359   -19.171   -20.359
3.64102   -28.171   4.73503
0.641016   -36.171   43.829
-31.359   -26.171   35.923
-29.359   8.92305   -10.265
4.73503   -96.453   -44.453
0.735027   -85.453   -32.359
-0.264973   -71.453   -0.264973
-11.265   -80.453   19.829
-8.26497   -82.453   37.923
-0.264973   -52.359   -36.453
13.735   -49.359   0.641016
-5.26497   -53.359   -8.26497
26.735   -84.359   29.829
-7.26497   -56.265   -53.453
-6.26497   -37.265   -15.359
10.735   -25.265   -9.26497
16.735   -52.265   14.829
-11.265   -48.265   65.923
0.735027   -19.171   -38.453
4.73503   -5.17097   -22.359
-9.26497   -18.171   -3.26497
-9.26497   -9.17097   15.829
-6.26497   -10.171   39.923
10.735   17.923   -44.453
41.829   -104.453   -19.453
25.829   -82.453   -34.359
27.829   -91.453   1.73503
30.829   -88.453   40.829
27.829   -72.453   44.923
45.829   -72.359   -53.453
19.829   -66.359   -6.35898
30.829   -65.359   7.73503
39.829   -60.359   24.829
44.829   -48.265   -50.453
22.829   -57.265   -23.359
22.829   -40.265   -10.265
26.829   -23.265   31.829
38.829   -15.171   -52.453
32.829   -38.171   -33.359
42.829   -38.171   6.73503
11.829   -30.171   46.829
44.829   -7.17097   53.923
48.923   -87.453   -25.359
64.923   -88.453   9.73503
36.923   -54.359   -27.453
51.923   -78.359   -20.359
53.923   -64.359   5.73503
37.923   -48.265   -52.453
42.923   -3.17097   -2.26497
48.923   15.923   -2.26497



当前所需节点数量为: 83
缺失节点数为100745
各点坐标如下:
-26.453   -88.453   -21.453
-37.453   -82.453   -10.359
-38.453   -88.453   -7.26497
-51.453   -81.453   34.829
-22.453   -76.359   -27.453
-33.453   -52.359   -24.359
-47.453   -75.359   21.735
-45.453   -57.359   43.829
-29.453   -52.265   -39.453
-40.453   -28.265   -26.359
-26.453   -31.265   15.735
-29.453   -45.265   28.829
-38.453   -26.265   35.923
-35.453   -31.171   -29.453
-46.453   -35.171   -34.359
-55.453   -11.171   21.735
-41.453   -35.171   18.829
-47.453   0.923046   23.735
-27.359   -102.453   -49.453
-6.35898   -82.453   -27.359
1.64102   -88.453   25.735
-10.359   -95.453   25.829
-28.359   -76.453   49.923
-26.359   -65.359   -36.453
-34.359   -55.359   -10.359
-33.359   -49.359   6.73503
3.64102   -68.359   31.829
-27.359   -59.359   34.923
-27.359   -25.265   -47.453
-18.359   -35.265   1.64102
-8.35898   -38.265   7.73503
-9.35898   -48.265   43.829
-30.359   -19.171   -33.453
-15.359   -7.17097   -27.359
-29.359   -6.17097   -10.265
-4.35898   -4.17097   47.829
-21.359   -4.17097   47.923
1.64102   -12.077   -7.26497
25.735   -94.453   -55.453
0.735027   -75.453   -3.35898
-2.26497   -87.453   5.73503
20.735   -100.453   41.829
13.735   -93.453   49.923
2.73503   -51.359   -49.453
9.73503   -46.359   -32.359
11.735   -51.359   24.735
12.735   -73.359   43.829
-9.26497   -52.265   -19.453
-4.26497   -50.265   -21.359
0.735027   -39.265   -0.264973
-6.26497   -25.265   42.829
13.735   -29.265   36.923
5.73503   -19.171   -40.453
20.735   -1.17097   -19.359
-6.26497   -18.171   3.73503
-4.26497   -30.171   25.829
-3.26497   -5.17097   61.923
-6.26497   19.923   -20.453
16.829   -100.453   -44.453
32.829   -88.453   -34.359
43.829   -79.453   -10.265
35.829   -91.453   45.829
38.829   -71.453   52.923
20.829   -51.359   -40.453
35.829   -84.359   2.64102
15.829   -73.359   -0.264973
29.829   -65.359   19.829
18.829   -37.265   -48.453
20.829   -31.265   -18.359
36.829   -44.265   -11.265
36.829   -47.265   43.829
41.829   -35.171   -48.453
36.829   -8.17097   -24.359
16.829   -37.171   -7.26497
36.829   -9.17097   19.829
35.829   -4.17097   53.923
34.923   -93.453   -34.359
43.923   -83.453   13.735
52.923   -46.359   -38.453
35.923   -69.359   3.73503
67.923   -54.265   -39.453
38.923   -2.17097   2.73503
51.923   -8.07695   7.73503



当前所需节点数量为: 82
缺失节点数为99934
各点坐标如下:
-21.453   -88.453   -23.453
-38.453   -73.453   -2.35898
-41.453   -89.453   1.73503
-40.453   -87.453   29.829
-30.453   -82.359   -40.453
-41.453   -78.359   -30.359
-43.453   -75.359   16.735
-23.453   -53.359   43.829
-50.453   -47.265   -34.453
-40.453   -28.265   -1.35898
-45.453   -31.265   3.73503
-50.453   -47.265   21.829
-57.453   -31.265   66.923
-40.453   -26.171   -43.453
-20.453   -34.171   -15.359
-41.453   -18.171   17.735
-34.453   -1.17097   14.829
-44.453   17.923   26.735
-24.359   -102.453   -43.453
2.64102   -85.453   -26.359
-3.35898   -70.453   -11.265
-23.359   -102.453   29.829
-9.35898   -101.453   44.923
-15.359   -59.359   -36.453
1.64102   -60.359   -8.35898
-14.359   -79.359   0.735027
-18.359   -56.359   22.829
-15.359   -78.359   43.923
-15.359   -45.265   -39.453
-2.35898   -47.265   -29.359
-28.359   -50.265   -7.26497
-24.359   -36.265   21.829
-6.35898   -26.171   -38.453
-32.359   -8.17097   -28.359
-6.35898   -7.17097   23.735
-15.359   -24.171   12.829
-3.35898   -8.17097   67.923
-27.359   -1.07695   -11.265
7.73503   -71.453   -38.453
26.735   -74.453   3.64102
-6.26497   -107.453   -1.26497
0.735027   -93.453   11.829
10.735   -104.453   47.923
-9.26497   -78.359   -49.453
0.735027   -46.359   -33.359
0.735027   -65.359   7.73503
5.73503   -68.359   25.829
0.735027   -39.265   -26.453
4.73503   -57.265   -6.35898
24.735   -54.265   11.735
23.735   -49.265   38.829
-1.26497   -37.265   37.923
-0.264973   -26.171   -47.453
14.735   -20.171   -17.359
23.735   -5.17097   7.73503
-10.265   -31.171   11.829
7.73503   -15.171   50.923
25.735   -15.077   -53.453
40.829   -91.453   -49.453
30.829   -90.453   -15.359
19.829   -90.453   19.735
47.829   -77.453   31.829
22.829   -55.359   -38.453
42.829   -55.359   -20.359
23.829   -54.359   9.73503
27.829   -69.359   21.829
43.829   -47.265   -47.453
12.829   -56.265   -4.35898
24.829   -37.265   0.735027
43.829   -28.265   39.829
39.829   -5.17097   -37.453
25.829   -1.17097   -7.35898
23.829   -25.171   9.73503
42.829   -29.171   24.829
21.829   -14.171   39.923
65.923   -105.453   -15.359
40.923   -69.453   22.735
54.923   -84.359   -54.453
49.923   -71.359   19.735
61.923   -55.265   -28.453
54.923   -4.17097   12.735
37.923   -5.07695   11.735



当前所需节点数量为: 81
缺失节点数为93030
各点坐标如下:
-35.453   -101.453   -40.453
-33.453   -69.453   -2.35898
-42.453   -83.453   19.735
-21.453   -73.453   38.829
-35.453   -76.359   -34.453
-47.453   -78.359   -1.35898
-28.453   -47.359   23.735
-37.453   -72.359   49.829
-35.453   -51.265   -36.453
-55.453   -29.265   -16.359
-35.453   -42.265   12.735
-57.453   -52.265   35.829
-21.453   -38.265   48.923
-28.453   -13.171   -44.453
-36.453   -29.171   -14.359
-51.453   -19.171   15.735
-56.453   -24.171   40.829
-56.453   18.923   -5.26497
-30.359   -85.453   -38.453
-5.35898   -83.453   -17.359
-25.359   -95.453   -11.265
2.64102   -94.453   21.829
-8.35898   -93.453   68.923
-33.359   -76.359   -33.453
-19.359   -51.359   -0.358984
0.641016   -83.359   6.73503
-7.35898   -78.359   43.829
-12.359   -73.359   65.923
-3.35898   -46.265   -41.453
-21.359   -55.265   -33.359
-2.35898   -42.265   2.73503
-1.35898   -43.265   41.829
-29.359   -33.171   -48.453
-30.359   -28.171   -14.359
-5.35898   -10.171   3.73503
-10.359   -10.171   30.829
-26.359   -17.171   59.923
-29.359   -10.077   -10.265
25.735   -70.453   -41.453
5.73503   -93.453   -9.35898
10.735   -99.453   -2.26497
-10.265   -104.453   37.829
23.735   -94.453   69.923
-6.26497   -66.359   -50.453
14.735   -76.359   0.641016
-5.26497   -48.359   17.735
13.735   -75.359   23.829
4.73503   -46.265   -37.453
5.73503   -45.265   -15.359
21.735   -28.265   24.735
11.735   -41.265   21.829
21.735   -39.265   51.923
12.735   -19.171   -28.453
9.73503   -10.171   -25.359
20.735   -19.171   8.73503
20.735   -13.171   32.829
10.735   -22.171   65.923
22.735   16.923   -50.453
28.829   -96.453   -34.453
49.829   -98.453   -13.359
12.829   -71.453   -7.26497
22.829   -76.453   41.829
39.829   -64.359   -43.453
33.829   -77.359   -27.359
42.829   -84.359   17.735
28.829   -48.359   30.829
49.829   -38.265   -21.453
42.829   -42.265   -4.35898
13.829   -60.265   -9.26497
40.829   -57.265   26.829
27.829   -29.171   -44.453
34.829   -16.171   -28.359
26.829   -22.171   18.735
43.829   -38.171   48.829
12.829   -3.17097   36.923
64.923   -91.453   -34.359
46.923   -91.453   11.735
44.923   -72.359   -49.453
38.923   -66.359   1.73503
41.923   -49.265   -37.453
56.923   -10.171   17.735



当前所需节点数量为: 79
缺失节点数为89767
各点坐标如下:
-53.453   -91.453   -52.453
-19.453   -72.453   3.64102
-32.453   -106.453   15.735
-28.453   -82.453   49.829
-49.453   -75.359   -29.453
-35.453   -46.359   -8.35898
-57.453   -54.359   1.73503
-45.453   -62.359   34.829
-38.453   -23.265   -33.453
-23.453   -54.265   -21.359
-39.453   -50.265   20.735
-31.453   -47.265   39.829
-27.453   -57.265   64.923
-38.453   -4.17097   -37.453
-38.453   -31.171   -4.35898
-45.453   -9.17097   17.735
-19.453   -5.17097   35.829
-40.453   -5.07695   -2.26497
-30.359   -78.453   -45.453
-5.35898   -78.453   -15.359
-27.359   -99.453   21.735
-34.359   -69.453   23.829
-2.35898   -78.453   53.923
-7.35898   -74.359   -42.453
-24.359   -52.359   -9.35898
-29.359   -76.359   7.73503
-0.358984   -73.359   29.829
-14.359   -56.359   62.923
-1.35898   -28.265   -38.453
-28.359   -38.265   -24.359
-6.35898   -31.265   9.73503
-12.359   -27.265   32.829
0.641016   -7.17097   -44.453
-18.359   -18.171   -8.35898
-0.358984   -5.17097   10.735
-10.359   -0.170965   46.829
-25.359   -1.17097   42.923
-8.35898   6.92305   24.735
5.73503   -90.453   -24.453
-10.265   -81.453   -13.359
3.73503   -88.453   5.73503
25.735   -104.453   23.829
11.735   -104.453   42.923
-10.265   -62.359   -29.453
15.735   -63.359   -7.35898
4.73503   -77.359   15.735
0.735027   -65.359   40.829
7.73503   -53.265   -44.453
8.73503   -36.265   -0.358984
7.73503   -31.265   13.735
-9.26497   -55.265   17.829
10.735   -53.265   44.923
26.735   -7.17097   -40.453
-4.26497   -2.17097   -34.359
-11.265   -13.171   10.735
16.735   -32.171   45.829
7.73503   -20.171   49.923
-0.264973   -13.077   -31.453
35.829   -82.453   -40.453
30.829   -98.453   -26.359
17.829   -92.453   3.73503
27.829   -70.453   37.829
37.829   -48.359   -35.453
19.829   -79.359   -14.359
20.829   -78.359   -0.264973
46.829   -46.359   28.829
44.829   -42.265   -19.453
25.829   -31.265   -29.359
13.829   -45.265   19.735
30.829   -23.265   17.829
41.829   -29.171   -37.453
21.829   -13.171   -15.359
48.829   -22.171   8.73503
31.829   -15.171   37.829
49.923   -75.453   0.641016
69.923   -76.453   4.73503
69.923   -78.359   -47.453
36.923   -72.359   17.735
41.923   -12.171   -8.26497



当前所需节点数量为: 79
缺失节点数为101653
各点坐标如下:
-26.453   -72.453   -23.453
-34.453   -94.453   -9.35898
-21.453   -105.453   8.73503
-21.453   -99.453   28.829
-43.453   -54.359   -30.453
-41.453   -47.359   -22.359
-43.453   -78.359   -6.26497
-38.453   -71.359   33.829
-49.453   -43.265   -28.453
-42.453   -28.265   -2.35898
-29.453   -32.265   16.735
-29.453   -43.265   17.829
-42.453   -45.265   46.923
-21.453   -24.171   -37.453
-39.453   -7.17097   -22.359
-51.453   -30.171   2.73503
-36.453   -16.171   30.829
-27.453   -13.077   21.735
-19.359   -92.453   -44.453
-28.359   -78.453   -23.359
3.64102   -85.453   -9.26497
-3.35898   -95.453   31.829
3.64102   -77.453   34.923
-22.359   -53.359   -39.453
1.64102   -74.359   -23.359
-21.359   -65.359   7.73503
-8.35898   -81.359   17.829
-22.359   -46.359   43.923
-25.359   -47.265   -31.453
-9.35898   -42.265   -16.359
2.64102   -39.265   -6.26497
-30.359   -45.265   28.829
-10.359   -19.171   -44.453
-6.35898   -8.17097   -29.359
-26.359   -7.17097   7.73503
-15.359   -29.171   11.829
2.64102   -2.17097   41.923
-26.359   -3.07695   -5.26497
6.73503   -86.453   -37.453
-2.26497   -98.453   -29.359
14.735   -100.453   19.735
20.735   -95.453   19.829
2.73503   -107.453   60.923
14.735   -51.359   -36.453
23.735   -82.359   -16.359
4.73503   -64.359   15.735
4.73503   -61.359   35.829
11.735   -29.265   -21.453
21.735   -47.265   -11.359
3.73503   -38.265   20.735
10.735   -46.265   15.829
4.73503   -49.265   53.923
15.735   -13.171   -37.453
7.73503   -21.171   -19.359
-6.26497   -24.171   8.73503
11.735   -9.17097   17.829
0.735027   -31.171   63.923
-10.265   17.923   -32.453
49.829   -80.453   -52.453
36.829   -100.453   -2.35898
30.829   -74.453   -3.26497
34.829   -93.453   34.829
16.829   -79.359   -43.453
40.829   -60.359   -3.35898
20.829   -54.359   -1.26497
40.829   -65.359   12.829
46.829   -30.265   -45.453
40.829   -29.265   -24.359
30.829   -26.265   26.735
35.829   -40.265   21.829
32.829   -36.171   -52.453
41.829   -8.17097   -13.359
30.829   -3.17097   15.735
44.829   -9.17097   28.829
63.923   -69.453   -22.359
35.923   -75.453   19.735
36.923   -52.359   -34.453
52.923   -58.359   6.73503
62.923   -27.171   5.73503



当前所需节点数量为: 79
缺失节点数为102759
各点坐标如下:
-38.453   -75.453   -54.453
-50.453   -88.453   -19.359
-34.453   -99.453   15.735
-48.453   -88.453   45.829
-31.453   -47.359   -55.453
-40.453   -74.359   3.64102
-33.453   -81.359   -9.26497
-20.453   -72.359   49.829
-30.453   -43.265   -19.453
-49.453   -51.265   -34.359
-49.453   -33.265   21.735
-45.453   -26.265   28.829
-27.453   -37.265   62.923
-38.453   -5.17097   -45.453
-42.453   -13.171   -24.359
-39.453   -31.171   11.735
-37.453   -7.17097   38.829
-34.453   18.923   -7.26497
-12.359   -81.453   -32.453
-9.35898   -72.453   0.641016
-9.35898   -99.453   12.735
-12.359   -88.453   36.829
-33.359   -92.453   45.923
-5.35898   -50.359   -48.453
-31.359   -70.359   3.64102
-17.359   -53.359   -1.26497
-32.359   -70.359   17.829
-1.35898   -83.359   35.923
-32.359   -38.265   -29.453
-6.35898   -47.265   -7.35898
-10.359   -61.265   -11.265
-23.359   -38.265   30.829
2.64102   -10.171   -19.453
-21.359   -19.171   -1.35898
-9.35898   -13.171   -2.26497
-6.35898   -31.171   16.829
-34.359   -29.171   56.923
-23.359   -11.077   11.735
4.73503   -100.453   -44.453
-2.26497   -69.453   -8.35898
25.735   -83.453   18.735
25.735   -71.453   27.829
9.73503   -69.453   39.923
9.73503   -72.359   -30.453
8.73503   -81.359   -16.359
20.735   -52.359   12.735
26.735   -48.359   45.829
12.735   -53.265   -54.453
-1.26497   -38.265   -20.359
14.735   -28.265   2.73503
2.73503   -27.265   11.829
-5.26497   -25.265   35.923
12.735   -15.171   -53.453
21.735   -28.171   -17.359
9.73503   -4.17097   10.735
-10.265   -11.171   27.829
17.735   -8.17097   48.923
13.735   1.92305   -32.453
44.829   -77.453   -43.453
19.829   -89.453   -23.359
36.829   -72.453   -0.264973
40.829   -101.453   19.829
45.829   -53.359   -22.453
11.829   -59.359   -24.359
30.829   -71.359   -6.26497
15.829   -66.359   44.829
31.829   -53.265   -29.453
49.829   -23.265   -28.359
38.829   -29.265   24.735
14.829   -56.265   27.829
26.829   -4.17097   -41.453
36.829   -13.171   -12.359
48.829   -17.171   7.73503
49.829   -17.171   20.829
43.923   -104.453   -13.359
53.923   -96.453   -7.26497
51.923   -48.359   -41.453
40.923   -49.359   4.73503
47.923   -11.171   1.73503



当前所需节点数量为: 79
缺失节点数为98294
各点坐标如下:
-42.453   -80.453   -47.453
-34.453   -94.453   -13.359
-37.453   -88.453   20.735
-24.453   -95.453   15.829
-44.453   -76.359   -49.453
-35.453   -47.359   -28.359
-42.453   -55.359   -0.264973
-41.453   -79.359   25.829
-46.453   -24.265   -36.453
-36.453   -34.265   -15.359
-27.453   -54.265   -3.26497
-56.453   -30.265   35.829
-32.453   -44.265   40.923
-35.453   -27.171   -39.453
-27.453   -11.171   -5.35898
-57.453   -26.171   19.735
-46.453   -8.17097   33.829
-32.453   -4.07695   19.735
-34.359   -82.453   -24.453
-9.35898   -99.453   -9.35898
-28.359   -69.453   21.735
-16.359   -103.453   40.829
-30.359   -77.453   42.923
-20.359   -66.359   -35.453
0.641016   -74.359   -22.359
-5.35898   -73.359   11.735
-12.359   -60.359   30.829
-24.359   -69.359   64.923
-32.359   -46.265   -40.453
0.641016   -57.265   -9.35898
-12.359   -50.265   16.735
-14.359   -30.265   43.829
-19.359   -38.171   -30.453
-11.359   -21.171   -27.359
-27.359   -24.171   5.73503
-12.359   -30.171   42.829
-22.359   -4.17097   54.923
-4.35898   -10.077   24.735
10.735   -96.453   -45.453
-11.265   -96.453   -17.359
17.735   -70.453   19.735
7.73503   -85.453   38.829
4.73503   -69.453   61.923
-2.26497   -62.359   -51.453
4.73503   -50.359   -11.359
24.735   -63.359   24.735
16.735   -51.359   42.829
-0.264973   -33.265   -55.453
0.735027   -48.265   -21.359
11.735   -44.265   16.735
-6.26497   -51.265   37.829
-10.265   -32.265   45.923
16.735   -27.171   -42.453
8.73503   -19.171   -32.359
18.735   -3.17097   -10.265
4.73503   -2.17097   33.829
5.73503   -8.17097   54.923
-1.26497   -9.07695   -46.453
23.829   -89.453   -34.453
39.829   -101.453   -29.359
29.829   -96.453   4.73503
21.829   -91.453   21.829
35.829   -75.359   -37.453
11.829   -54.359   -29.359
14.829   -63.359   -6.26497
15.829   -81.359   14.829
41.829   -42.265   -24.453
24.829   -29.265   -34.359
35.829   -55.265   6.73503
24.829   -23.265   35.829
33.829   -20.171   -57.453
49.829   -8.17097   -18.359
24.829   -21.171   16.735
45.829   -21.171   30.829
39.923   -84.453   -27.359
44.923   -76.453   1.73503
48.923   -58.359   -21.453
43.923   -80.359   18.735
43.923   -9.17097   -10.265
