-46.453 -83.453 -38.453
-20.453 -92.453 -16.359
-48.453 -89.453 7.735
-34.453 -88.453 42.829
-32.453 -61.359 -24.453
-38.453 -56.359 -9.359
-21.453 -46.359 19.735
-23.453 -78.359 23.829
-38.453 -45.265 -35.453
-29.453 -29.265 -5.359
-38.453 -57.265 3.735
-38.453 -54.265 44.829
-35.453 -19.171 -45.453
-38.453 -30.171 -16.359
-19.453 -5.171 -8.265
-24.453 -37.171 42.829
-11.359 -88.453 -23.453
-15.359 -70.453 -32.359
-3.359 -98.453 7.735
-19.359 -69.453 26.829
-25.359 -62.359 -34.453
-11.359 -53.359 -4.359
-15.359 -65.359 0.735
-0.359 -59.359 30.829
-16.359 -36.265 -40.453
-11.359 -38.265 -12.359
-17.359 -53.265 12.735
-21.359 -34.265 37.829
-15.359 -15.171 -21.453
2.641 -0.171 3.641
-16.359 -26.171 14.735
-32.359 -2.171 30.829
21.735 -88.453 -19.453
-2.265 -88.453 -6.359
16.735 -70.453 7.735
-0.265 -85.453 14.829
21.735 -80.359 -42.453
7.735 -64.359 -27.359
-0.265 -80.359 18.735
0.735 -81.359 44.829
0.735 -37.265 -38.453
26.735 -34.265 -26.359
6.735 -40.265 16.735
8.735 -27.265 23.829
2.735 -14.171 -43.453
20.735 -3.171 -33.359
-10.265 -5.171 -1.265
4.735 -24.171 41.829
34.829 -79.453 -22.453
30.829 -88.453 -30.359
24.829 -94.453 20.735
31.829 -91.453 31.829
39.829 -50.359 -38.453
32.829 -65.359 -32.359
48.829 -51.359 18.735
24.829 -53.359 38.829
26.829 -29.265 -36.453
39.829 -48.265 -33.359
30.829 -25.265 17.735
31.829 -42.265 46.829
39.829 -5.171 -47.453
32.829 -23.171 -5.359
17.829 -30.171 12.735
24.829 -8.171 20.829
