-38.453 -91.453 -38.453
-19.453 -72.453 3.641
-32.453 -88.453 15.735
-28.453 -82.453 49.829
-49.453 -75.359 -29.453
-35.453 -46.359 -8.359
-38.453 -54.359 1.735
-45.453 -62.359 34.829
-38.453 -23.265 -33.453
-23.453 -54.265 -21.359
-39.453 -50.265 20.735
-31.453 -47.265 39.829
-27.453 -57.265 38.453
-38.453 -4.171 -37.453
-38.453 -31.171 -4.359
-45.453 -9.171 17.735
-19.453 -5.171 35.829
-40.453 -5.077 -2.265
-30.359 -78.453 -45.453
-5.359 -78.453 -15.359
-27.359 -99.453 21.735
-34.359 -69.453 23.829
-2.359 -78.453 38.453
-7.359 -74.359 -42.453
-24.359 -52.359 -9.359
-29.359 -76.359 7.735
-0.359 -73.359 29.829
-14.359 -56.359 38.453
-1.359 -28.265 -38.453
-28.359 -38.265 -24.359
-6.359 -31.265 9.735
-12.359 -27.265 32.829
0.641 -7.171 -44.453
-18.359 -18.171 -8.359
-0.359 -5.171 10.735
-10.359 -0.171 46.829
-25.359 -1.171 42.923
-8.359 -11.547 24.735
5.735 -90.453 -24.453
-10.265 -81.453 -13.359
3.735 -88.453 5.735
25.735 -88.453 23.829
11.735 -88.453 42.923
-10.265 -62.359 -29.453
15.735 -63.359 -7.359
4.735 -77.359 15.735
0.735 -65.359 40.829
7.735 -53.265 -44.453
8.735 -36.265 -0.359
7.735 -31.265 13.735
-9.265 -55.265 17.829
10.735 -53.265 44.923
26.735 -7.171 -40.453
-4.265 -2.171 -34.359
-11.265 -13.171 10.735
16.735 -32.171 45.829
7.735 -20.171 49.923
-0.265 -13.077 -31.453
35.829 -82.453 -40.453
30.829 -98.453 -26.359
17.829 -92.453 3.735
27.829 -70.453 37.829
37.829 -48.359 -35.453
19.829 -79.359 -14.359
20.829 -78.359 -0.265
46.829 -46.359 28.829
44.829 -42.265 -19.453
25.829 -31.265 -29.359
13.829 -45.265 19.735
30.829 -23.265 17.829
41.829 -29.171 -37.453
21.829 -13.171 -15.359
48.829 -22.171 8.735
31.829 -15.171 37.829
49.923 -75.453 0.641
38.453 -76.453 4.735
38.453 -78.359 -47.453
36.923 -72.359 17.735
41.923 -12.171 -8.265
