-38.453 -88.453 -38.453
-38.453 -88.453 -15.359
-38.453 -88.453 7.735
-38.453 -88.453 30.829
-38.453 -88.453 53.923
-38.453 -65.359 -38.453
-38.453 -65.359 -15.359
-38.453 -65.359 7.735
-38.453 -65.359 30.829
-38.453 -65.359 53.923
-38.453 -42.265 -38.453
-38.453 -42.265 -15.359
-38.453 -42.265 7.735
-38.453 -42.265 30.829
-38.453 -42.265 53.923
-38.453 -19.171 -38.453
-38.453 -19.171 -15.359
-38.453 -19.171 7.735
-38.453 -19.171 30.829
-38.453 -19.171 53.923
-38.453 3.923 -38.453
-38.453 3.923 -15.359
-38.453 3.923 7.735
-38.453 3.923 30.829
-38.453 3.923 53.923
-15.359 -88.453 -38.453
-15.359 -88.453 -15.359
-15.359 -88.453 7.735
-15.359 -88.453 30.829
-15.359 -88.453 53.923
-15.359 -65.359 -38.453
-15.359 -65.359 -15.359
-15.359 -65.359 7.735
-15.359 -65.359 30.829
-15.359 -65.359 53.923
-15.359 -42.265 -38.453
-15.359 -42.265 -15.359
-15.359 -42.265 7.735
-15.359 -42.265 30.829
-15.359 -42.265 53.923
-15.359 -19.171 -38.453
-15.359 -19.171 -15.359
-15.359 -19.171 7.735
-15.359 -19.171 30.829
-15.359 -19.171 53.923
-15.359 3.923 -38.453
-15.359 3.923 -15.359
-15.359 3.923 7.735
-15.359 3.923 30.829
-15.359 3.923 53.923
7.735 -88.453 -38.453
7.735 -88.453 -15.359
7.735 -88.453 7.735
7.735 -88.453 30.829
7.735 -88.453 53.923
7.735 -65.359 -38.453
7.735 -65.359 -15.359
7.735 -65.359 7.735
7.735 -65.359 30.829
7.735 -65.359 53.923
7.735 -42.265 -38.453
7.735 -42.265 -15.359
7.735 -42.265 7.735
7.735 -42.265 30.829
7.735 -42.265 53.923
7.735 -19.171 -38.453
7.735 -19.171 -15.359
7.735 -19.171 7.735
7.735 -19.171 30.829
7.735 -19.171 53.923
7.735 3.923 -38.453
7.735 3.923 -15.359
7.735 3.923 7.735
7.735 3.923 30.829
7.735 3.923 53.923
30.829 -88.453 -38.453
30.829 -88.453 -15.359
30.829 -88.453 7.735
30.829 -88.453 30.829
30.829 -88.453 53.923
30.829 -65.359 -38.453
30.829 -65.359 -15.359
30.829 -65.359 7.735
30.829 -65.359 30.829
30.829 -65.359 53.923
30.829 -42.265 -38.453
30.829 -42.265 -15.359
30.829 -42.265 7.735
30.829 -42.265 30.829
30.829 -42.265 53.923
30.829 -19.171 -38.453
30.829 -19.171 -15.359
30.829 -19.171 7.735
30.829 -19.171 30.829
30.829 -19.171 53.923
30.829 3.923 -38.453
30.829 3.923 -15.359
30.829 3.923 7.735
30.829 3.923 30.829
30.829 3.923 53.923
53.923 -88.453 -38.453
53.923 -88.453 -15.359
53.923 -88.453 7.735
53.923 -88.453 30.829
53.923 -88.453 53.923
53.923 -65.359 -38.453
53.923 -65.359 -15.359
53.923 -65.359 7.735
53.923 -65.359 30.829
53.923 -65.359 53.923
53.923 -42.265 -38.453
53.923 -42.265 -15.359
53.923 -42.265 7.735
53.923 -42.265 30.829
53.923 -42.265 53.923
53.923 -19.171 -38.453
53.923 -19.171 -15.359
53.923 -19.171 7.735
53.923 -19.171 30.829
53.923 -19.171 53.923
53.923 3.923 -38.453
53.923 3.923 -15.359
53.923 3.923 7.735
53.923 3.923 30.829
53.923 3.923 53.923
